../../../.git/annex/objects/Px/q5/MD5E-s120477--ef797d4efb962ed1376f29ba0eca7b1a.tsv/MD5E-s120477--ef797d4efb962ed1376f29ba0eca7b1a.tsv